1,14,2022-03-17,100.0,3
2,14,2022-03-17,100.0,3
13,14,2023-11-27,49.99,3
14,14,2023-11-27,29.99,0
15,14,2023-11-27,57.980000000000004,3
16,14,2023-11-27,57.980000000000004,3
36,4,2023-11-29,64.98,9
38,7,1975-06-07,109.98,1
39,5,1975-06-07,109.98,1
40,7,1975-06-07,109.98,1
41,5,1975-06-07,109.98,1
42,7,1975-06-07,109.98,1
43,5,1975-06-07,109.98,1
44,7,1975-06-07,109.98,1
45,5,1975-06-07,109.98,1
46,7,1975-06-07,109.98,1
47,5,1975-06-07,109.98,1
48,7,1975-06-07,109.98,1
49,5,1975-06-07,109.98,1
50,7,1975-06-07,109.98,1
51,4,2023-11-29,62.980000000000004,5
52,5,2023-11-29,39.98,8
53,4,2023-11-29,42.98,5
54,5,1975-06-07,109.98,1
55,7,1975-06-07,109.98,1
56,5,1975-06-07,109.98,1
57,7,1975-06-07,109.98,1
58,4,2023-11-29,39.98,0
59,4,2023-11-29,42.98,0
60,5,2023-11-29,39.98,0
61,6,2023-11-29,44.980000000000004,0
62,6,2023-11-29,47.980000000000004,5
63,5,2023-11-30,109.98,1
64,7,2023-11-30,109.98,1
65,5,2023-11-30,109.98,0
66,5,2023-11-30,109.98,1
67,7,2023-11-30,109.98,1
68,5,2023-11-30,109.98,1
69,7,2023-11-30,109.98,1
70,5,2023-11-30,59.980000000000004,0
71,5,2023-11-30,59.97,7
